08001
08002
08003
08004
08005
08006
08007
08008
08010
08011
08012
08013
08014
08016
08017
08019
08021
08023
08024
08025
08026
08027
08028
08030
08031
08032
08033
08034
08035
08037
08038
08039
08040
08041
08042
08043
08044
08045
08046
08047
08048
08050
08051
08052
08053
08054
08055
08056
08058
08061
08062
08064
08065
08066
08067
08068
08069
08070
08071
08072
08073
08075
08076
08077
08078
08079
08080
08081
08082
08083
08085
08086
08087
08088
08089
08090
08091
08093
08094
08095
08096
08099
08100
08101
08102
08103
08104
08105
08106
08107
08108
08109
08110
08111
08113
08115
08116
08117
08120
08121
08122
08123
08124
08125
08127
08128
08129
08130
08132
08133
08134
08135
08136
08137
08138
08139
08140
08141
08142
08143
08144
08145
08146
08147
08148
08150
08151
08153
08154
08155
08156
08157
08159
08160
08161
08162
08164
08166
08167
08168
08171
08173
08174
08175
08176
08178
08179
08181
08182
08183
08184
08185
08186
08187
08188
08189
08190
08192
08193
08194
08195
08196
08197
08198
08199
08200
08202
08203
08205
08207
08208
08210
08211
08212
08213
08214
08215
08216
08217
08218
08219
08220
08221
08222
08223
08224
08225
08226
08227
08230
08231
08233
08234
08235
08237
08239
08241
08242
08243
08245
08246
08247
08248
08249
08251
08252
08253
08254
08255
08256
08257
08258
08260
08261
08262
08264
08266
08267
08268
08269
08270
08271
08274
08276
08277
08278
08279
08280
08281
08282
08284
08286
08287
08288
08289
08290
08291
08292
08293
08295
08296
08297
08298
08299
08300
08301
08302
08303
08304
08305
08306
08307
08308
08312
08313
08314
08315
08316
08317
08318
08323
08324
08326
08327
08328
08329
08330
08332
08333
08334
08336
08337
08338
08339
08340
08341
08343
08344
08345
08346
08347
08348
08349
08350
08351
08352
08353
08354
08355
08356
08359
08361
08362
08363
08364
08365
08366
08367
08368
08370
08372
08377
08378
08379
08380
08381
08383
08384
08385
08386
08387
08388
08389
08390
08391
08392
08394
08395
08396
08397
08398
08399
08401
08402
08403
08404
08405
08406
08407
08409
08410
08411
08412
08413
08414
08415
08416
08417
08418
08419
08420
08421
08422
08423
08424
08425
08426
08428
08429
08430
08431
08432
08433
08435
08437
08439
08440
08441
08442
08443
08444
08446
08447
08448
08449
08450
08454
08455
08456
08458
08459
08460
08461
08463
08464
08465
08466
08467
08468
08470
08471
08473
08474
08475
08476
08479
08480
08481
08482
08483
08484
08486
08487
08488
08489
08490
08491
08494
08495
08496
08497
08498
08499
08501
08502
08503
08504
08506
08507
08508
08509
08510
08511
08513
08514
08515
08516
08517
08518
08519
08520
08521
08522
08523
08524
08525
08527
08528
08531
08532
08535
08536
08539
08540
08541
08542
08543
08545
08547
08548
08550
08551
08552
08553
08556
08557
08558
08559
08560
08561
08562
08563
08564
08565
08567
08570
08571
08572
08573
08574
08575
08578
08580
08581
08582
08585
08586
08587
08588
08589
08590
08591
08592
08593
08594
08596
08597
08598
08599
08600
08601
08602
08603
08604
08605
08606
08607
08608
08609
08612
08615
08616
08617
08618
08619
08620
08621
08622
08623
08625
08626
08627
08628
08629
08631
08632
08634
08635
08636
08637
08639
08640
08641
08642
08643
08645
08646
08647
08648
08649
08650
08651
08652
08653
08655
08656
08657
08662
08663
08664
08665
08666
08667
08668
08669
08670
08672
08673
08674
08675
08677
08680
08681
08682
08683
08685
08686
08688
08690
08691
08694
08695
08696
08697
08698
08699
08700
08701
08702
08703
08704
08705
08706
08707
08708
08709
08710
08711
08712
08714
08716
08717
08718
08720
08721
08722
08723
08724
08725
08726
08727
08728
08729
08730
08731
08732
08733
08735
08737
08738
08740
08741
08742
08743
08744
08745
08746
08747
08748
08749
08750
08751
08752
08753
08754
08755
08757
08759
08760
08761
08762
08763
08764
08765
08766
08767
08769
08770
08772
08773
08774
08775
08776
08777
08778
08779
08780
08782
08783
08784
08785
08786
08787
08788
08791
08792
08793
08795
08796
08797
08798
08799
08800
08802
08803
08804
08805
08806
08807
08808
08809
08810
08811
08814
08815
08816
08817
08818
08819
08821
08822
08823
08824
08825
08826
08827
08828
08831
08832
08834
08835
08836
08837
08838
08839
08840
08841
08842
08843
08844
08845
08846
08847
08848
08849
08850
08851
08852
08853
08854
08855
08856
08858
08859
08860
08861
08862
08864
08866
08867
08868
08870
08871
08872
08874
08875
08876
08877
08879
08880
08881
08882
08883
08884
08885
08886
08887
08888
08889
08890
08891
08892
08893
08894
08895
08896
08897
08899
08900
08901
08902
08903
08904
08905
08906
08907
08908
08910
08911
08912
08913
08914
08916
08917
08918
08919
08920
08921
08922
08923
08924
08925
08926
08927
08928
08929
08930
08931
08932
08933
08934
08937
08938
08940
08941
08942
08943
08944
08945
08948
08949
08951
08952
08953
08954
08955
08957
08958
08959
08960
08961
08963
08964
08965
08966
08967
08969
08970
08972
08973
08975
08976
08977
08978
08979
08980
08981
08982
08983
08986
08987
08988
08989
08992
08994
08995
08996
08997
08999
09000
09001
09002
09003
09004
09005
09006
09008
09010
09011
09012
09013
09014
09015
09016
09017
09018
09020
09022
09024
09029
09030
09032
09034
09035
09037
09038
09039
09040
09041
09043
09044
09045
09046
09047
09048
09049
09050
09051
09052
09053
09054
09055
09056
09057
09060
09061
09062
09064
09066
09068
09069
09070
09071
09072
09073
09074
09075
09076
09077
09078
09079
09080
09081
09082
09083
09084
09085
09086
09087
09088
09089
09090
09092
09093
09094
09095
09096
09097
09099
09100
09102
09103
09104
09105
09106
09108
09109
09110
09111
09112
09114
09117
09120
09121
09122
09126
09127
09128
09129
09130
09131
09132
09133
09135
09136
09137
09138
09140
09141
09142
09143
09145
09146
09148
09149
09150
09151
09152
09153
09154
09155
09156
09159
09160
09161
09164
09165
09166
09168
09169
09170
09172
09173
09175
09177
09178
09180
09181
09182
09183
09187
09188
09189
09190
09191
09192
09194
09195
09197
09198
09199
09200
09201
09203
09205
09206
09207
09208
09209
09211
09212
09214
09215
09216
09217
09218
09219
09221
09222
09223
09224
09225
09226
09227
09228
09229
09230
09232
09233
09235
09237
09239
09240
09241
09242
09243
09244
09245
09246
09247
09248
09250
09252
09253
09254
09255
09257
09258
09259
09260
09261
09262
09263
09264
09265
09266
09267
09268
09270
09271
09273
09274
09275
09276
09278
09279
09280
09281
09282
09283
09284
09285
09286
09289
09290
09291
09292
09293
09294
09295
09297
09298
09299
09300
09301
09302
09303
09305
09306
09308
09311
09312
09313
09314
09315
09316
09317
09318
09319
09320
09322
09323
09324
09325
09326
09327
09328
09329
09330
09331
09332
09334
09335
09339
09341
09342
09343
09345
09346
09347
09350
09351
09353
09354
09355
09356
09357
09358
09359
09360
09361
09362
09363
09364
09367
09368
09372
09373
09376
09377
09378
09379
09380
09381
09382
09383
09384
09385
09386
09387
09388
09390
09391
09392
09393
09394
09395
09396
09397
09398
09399
09400
09401
09402
09403
09404
09405
09407
09409
09411
09412
09413
09414
09415
09416
09417
09420
09421
09422
09423
09424
09425
09426
09427
09428
09429
09431
09432
09433
09434
09436
09437
09440
09442
09443
09444
09445
09446
09447
09449
09450
09451
09452
09453
09455
09456
09457
09458
09459
09460
09461
09462
09463
09464
09465
09467
09468
09469
09470
09471
09472
09473
09474
09475
09476
09477
09478
09479
09480
09481
09482
09483
09484
09486
09487
09488
09489
09490
09491
09493
09495
09497
09498
09499
09500
09501
09502
09503
09504
09506
09507
09508
09509
09510
09511
09512
09514
09516
09517
09518
09520
09521
09522
09523
09524
09529
09532
09533
09535
09536
09537
09538
09539
09540
09542
09543
09545
09546
09547
09548
09549
09550
09552
09553
09554
09555
09556
09559
09560
09561
09562
09563
09564
09565
09566
09567
09569
09570
09571
09574
09575
09576
09577
09578
09579
09580
09583
09584
09585
09586
09587
09588
09589
09590
09592
09593
09596
09597
09598
09599
09600
09601
09603
09604
09606
09607
09608
09609
09610
09611
09612
09613
09615
09616
09617
09618
09619
09620
09621
09622
09623
09624
09626
09627
09628
09629
09630
09632
09633
09634
09636
09637
09639
09640
09641
09643
09645
09646
09647
09648
09650
09652
09653
09656
09657
09658
09659
09660
09661
09662
09663
09664
09666
09668
09669
09670
09671
09673
09674
09676
09677
09678
09680
09681
09683
09684
09685
09687
09688
09689
09690
09691
09692
09693
09694
09695
09696
09698
09701
09703
09704
09705
09707
09708
09709
09710
09712
09713
09715
09716
09717
09718
09719
09720
09721
09722
09723
09724
09725
09726
09727
09728
09729
09730
09731
09732
09733
09734
09735
09736
09737
09738
09739
09740
09741
09742
09743
09745
09748
09749
09750
09751
09753
09754
09755
09757
09758
09759
09761
09762
09765
09766
09767
09768
09769
09770
09771
09772
09773
09774
09775
09776
09778
09779
09780
09781
09784
09785
09786
09787
09788
09789
09790
09791
09792
09793
09794
09795
09796
09797
09798
09799
09800
09801
09802
09803
09804
09805
09806
09807
09808
09809
09810
09814
09815
09816
09817
09819
09820
09821
09822
09823
09825
09826
09828
09829
09830
09831
09832
09833
09834
09835
09837
09838
09839
09841
09843
09844
09845
09847
09848
09849
09850
09851
09852
09853
09854
09855
09856
09857
09858
09860
09861
09862
09863
09864
09865
09866
09867
09868
09869
09872
09873
09874
09875
09877
09878
09880
09881
09882
09883
09885
09886
09888
09891
09894
09895
09896
09897
09898
09899
09900
09901
09902
09903
09906
09907
09908
09910
09911
09912
09913
09915
09917
09918
09919
09921
09922
09923
09924
09925
09926
09927
09928
09929
09930
09931
09934
09935
09936
09937
09939
09940
09943
09944
09946
09947
09948
09949
09950
09951
09952
09953
09954
09955
09956
09959
09960
09961
09962
09965
09967
09968
09969
09970
09972
09973
09974
09976
09977
09978
09979
09980
09982
09983
09984
09985
09987
09988
09989
09990
09991
09993
09994
09995
09996
09997
09998
09999
10000
